Datos que encuentra el metodo de Euler(variable ind.	 variable dep.	 numero de thread)
0.000000	
0.000000	 0.004000
0.004000	 0.007984
0.008000	 0.011952
0.012000	 0.015905
0.016000	 0.019842
0.020000	 0.023763
0.024000	 0.027670
0.028000	 0.031561
0.032000	 0.035438
0.036000	 0.039301
0.040000	 0.043149
0.044000	 0.046982
0.048000	 0.050802
0.052000	 0.054608
0.056000	 0.058401
0.060000	 0.062180
0.064000	 0.065945
0.068000	 0.069698
0.072000	 0.073438
0.076000	 0.077165
0.080000	 0.080879
0.084000	 0.084581
0.088000	 0.088271
0.092000	 0.091949
0.096000	 0.095615
0.100000	 0.099269
0.104000	 0.102912
0.108000	 0.106544
0.112000	 0.110164
0.116000	 0.113774
0.120000	 0.117373
0.124000	 0.120961
0.128000	 0.124538
0.132000	 0.128106
0.136000	 0.131663
0.140000	 0.135210
0.144000	 0.138748
0.148000	 0.142276
0.152000	 0.145794
0.156000	 0.149304
0.160000	 0.152804
0.164000	 0.156295
0.168000	 0.159777
0.172000	 0.163251
0.176000	 0.166716
0.180000	 0.170174
0.184000	 0.173622
0.188000	 0.177063
0.192000	 0.180496
0.196000	 0.183922
0.200000	 0.187340
0.204000	 0.190751
0.208000	 0.194154
0.212000	 0.197550
0.216000	 0.200940
0.220000	 0.204323
0.224000	 0.207699
0.228000	 0.211069
0.232000	 0.214433
0.236000	 0.217790
0.240000	 0.221142
0.244000	 0.224488
0.248000	 0.227828
0.252000	 0.231163
0.256000	 0.234492
0.260000	 0.237816
0.264000	 0.241135
0.268000	 0.244450
0.272000	 0.247759
0.276000	 0.251064
0.280000	 0.254364
0.284000	 0.257661
0.288000	 0.260953
0.292000	 0.264241
0.296000	 0.267525
0.300000	 0.270805
0.304000	 0.274082
0.308000	 0.277355
0.312000	 0.280625
0.316000	 0.283892
0.320000	 0.287156
0.324000	 0.290417
0.328000	 0.293675
0.332000	 0.296931
0.336000	 0.300184
0.340000	 0.303435
0.344000	 0.306683
0.348000	 0.309930
0.352000	 0.313175
0.356000	 0.316418
0.360000	 0.319659
0.364000	 0.322899
0.368000	 0.326137
0.372000	 0.329374
0.376000	 0.332610
0.380000	 0.335845
0.384000	 0.339080
0.388000	 0.342313
0.392000	 0.345546
0.396000	 0.348778
0.400000	 0.352011
0.404000	 0.355243
0.408000	 0.358474
0.412000	 0.361706
0.416000	 0.364939
0.420000	 0.368171
0.424000	 0.371404
0.428000	 0.374637
0.432000	 0.377872
0.436000	 0.381107
0.440000	 0.384343
0.444000	 0.387580
0.448000	 0.390818
0.452000	 0.394057
0.456000	 0.397298
0.460000	 0.400541
0.464000	 0.403785
0.468000	 0.407031
0.472000	 0.410279
0.476000	 0.413529
0.480000	 0.416781
0.484000	 0.420036
0.488000	 0.423293
0.492000	 0.426552
0.496000	 0.429814
0.500000	 0.433079
0.504000	 0.436347
0.508000	 0.439617
0.512000	 0.442891
0.516000	 0.446168
0.520000	 0.449448
0.524000	 0.452732
0.528000	 0.456020
0.532000	 0.459311
0.536000	 0.462606
0.540000	 0.465904
0.544000	 0.469207
0.548000	 0.472514
0.552000	 0.475825
0.556000	 0.479141
0.560000	 0.482461
0.564000	 0.485785
0.568000	 0.489115
0.572000	 0.492449
0.576000	 0.495787
0.580000	 0.499131
0.584000	 0.502481
0.588000	 0.505835
0.592000	 0.509194
0.596000	 0.512560
0.600000	 0.515930
0.604000	 0.519306
0.608000	 0.522688
0.612000	 0.526076
0.616000	 0.529470
0.620000	 0.532870
0.624000	 0.536276
0.628000	 0.539689
0.632000	 0.543107
0.636000	 0.546533
0.640000	 0.549965
0.644000	 0.553403
0.648000	 0.556848
0.652000	 0.560301
0.656000	 0.563760
0.660000	 0.567226
0.664000	 0.570700
0.668000	 0.574180
0.672000	 0.577669
0.676000	 0.581164
0.680000	 0.584668
0.684000	 0.588179
0.688000	 0.591697
0.692000	 0.595224
0.696000	 0.598758
0.700000	 0.602301
0.704000	 0.605852
0.708000	 0.609411
0.712000	 0.612978
0.716000	 0.616554
0.720000	 0.620139
0.724000	 0.623732
0.728000	 0.627333
0.732000	 0.630944
0.736000	 0.634563
0.740000	 0.638192
0.744000	 0.641830
0.748000	 0.645476
0.752000	 0.649133
0.756000	 0.652798
0.760000	 0.656473
0.764000	 0.660158
0.768000	 0.663852
0.772000	 0.667556
0.776000	 0.671269
0.780000	 0.674993
0.784000	 0.678727
0.788000	 0.682470
0.792000	 0.686224
0.796000	 0.689988
0.800000	 0.693763
0.804000	 0.697548
0.808000	 0.701343
0.812000	 0.705149
0.816000	 0.708966
0.820000	 0.712794
0.824000	 0.716632
0.828000	 0.720481
0.832000	 0.724342
0.836000	 0.728213
0.840000	 0.732096
0.844000	 0.735990
0.848000	 0.739896
0.852000	 0.743812
0.856000	 0.747741
0.860000	 0.751681
0.864000	 0.755632
0.868000	 0.759596
0.872000	 0.763571
0.876000	 0.767558
0.880000	 0.771558
0.884000	 0.775569
0.888000	 0.779593
0.892000	 0.783628
0.896000	 0.787677
0.900000	 0.791737
0.904000	 0.795810
0.908000	 0.799896
0.912000	 0.803994
0.916000	 0.808105
0.920000	 0.812229
0.924000	 0.816366
0.928000	 0.820515
0.932000	 0.824678
0.936000	 0.828854
0.940000	 0.833043
0.944000	 0.837245
0.948000	 0.841460
0.952000	 0.845689
0.956000	 0.849932
0.960000	 0.854188
0.964000	 0.858458
0.968000	 0.862741
0.972000	 0.867038
0.976000	 0.871349
0.980000	 0.875674
0.984000	 0.880013
0.988000	 0.884366
0.992000	 0.888733
0.996000	 0.893114
1.000000	 0.897510
1.004000	 0.901920
1.008000	 0.906344
1.012000	 0.910783
1.016000	 0.915236
1.020000	 0.919705
1.024000	 0.924187
1.028000	 0.928685
1.032000	 0.933197
1.036000	 0.937725
1.040000	 0.942267
1.044000	 0.946824
1.048000	 0.951397
1.052000	 0.955984
1.056000	 0.960587
1.060000	 0.965205
1.064000	 0.969839
1.068000	 0.974488
1.072000	 0.979153
1.076000	 0.983833
1.080000	 0.988528
1.084000	 0.993240
1.088000	 0.997967
1.092000	 1.002710
1.096000	 1.007469
1.100000	 1.012244
1.104000	 1.017035
1.108000	 1.021842
1.112000	 1.026666
1.116000	 1.031505
1.120000	 1.036361
1.124000	 1.041233
1.128000	 1.046122
1.132000	 1.051027
1.136000	 1.055948
1.140000	 1.060887
1.144000	 1.065841
1.148000	 1.070813
1.152000	 1.075801
1.156000	 1.080807
1.160000	 1.085829
1.164000	 1.090868
1.168000	 1.095924
1.172000	 1.100997
1.176000	 1.106087
1.180000	 1.111195
1.184000	 1.116320
1.188000	 1.121462
1.192000	 1.126621
1.196000	 1.131798
1.200000	 1.136993
1.204000	 1.142205
1.208000	 1.147435
1.212000	 1.152682
1.216000	 1.157947
1.220000	 1.163230
1.224000	 1.168530
1.228000	 1.173849
1.232000	 1.179186
1.236000	 1.184540
1.240000	 1.189913
1.244000	 1.195304
1.248000	 1.200712
1.252000	 1.206140
1.256000	 1.211585
1.260000	 1.217049
1.264000	 1.222531
1.268000	 1.228032
1.272000	 1.233551
1.276000	 1.239089
1.280000	 1.244645
1.284000	 1.250220
1.288000	 1.255814
1.292000	 1.261426
1.296000	 1.267058
1.300000	 1.272708
1.304000	 1.278377
1.308000	 1.284065
1.312000	 1.289772
1.316000	 1.295499
1.320000	 1.301244
1.324000	 1.307009
1.328000	 1.312793
1.332000	 1.318596
1.336000	 1.324418
1.340000	 1.330260
1.344000	 1.336122
1.348000	 1.342002
1.352000	 1.347903
1.356000	 1.353823
1.360000	 1.359762
1.364000	 1.365722
1.368000	 1.371701
1.372000	 1.377700
1.376000	 1.383719
1.380000	 1.389757
1.384000	 1.395816
1.388000	 1.401894
1.392000	 1.407993
1.396000	 1.414112
1.400000	 1.420250
1.404000	 1.426409
1.408000	 1.432589
1.412000	 1.438788
1.416000	 1.445008
1.420000	 1.451248
1.424000	 1.457509
1.428000	 1.463790
1.432000	 1.470091
1.436000	 1.476414
1.440000	 1.482756
1.444000	 1.489120
1.448000	 1.495504
1.452000	 1.501909
1.456000	 1.508334
1.460000	 1.514780
1.464000	 1.521248
1.468000	 1.527736
1.472000	 1.534245
1.476000	 1.540775
1.480000	 1.547326
1.484000	 1.553899
1.488000	 1.560492
1.492000	 1.567107
1.496000	 1.573743
1.500000	 1.580400
1.504000	 1.587078
1.508000	 1.593778
1.512000	 1.600499
1.516000	 1.607242
1.520000	 1.614006
1.524000	 1.620791
1.528000	 1.627598
1.532000	 1.634427
1.536000	 1.641278
1.540000	 1.648150
1.544000	 1.655043
1.548000	 1.661959
1.552000	 1.668896
1.556000	 1.675856
1.560000	 1.682837
1.564000	 1.689840
1.568000	 1.696865
1.572000	 1.703912
1.576000	 1.710981
1.580000	 1.718072
1.584000	 1.725185
1.588000	 1.732321
1.592000	 1.739479
1.596000	 1.746659
1.600000	 1.753861
1.604000	 1.761085
1.608000	 1.768332
1.612000	 1.775602
1.616000	 1.782893
1.620000	 1.790208
1.624000	 1.797544
1.628000	 1.804904
1.632000	 1.812286
1.636000	 1.819690
1.640000	 1.827117
1.644000	 1.834567
1.648000	 1.842040
1.652000	 1.849535
1.656000	 1.857054
1.660000	 1.864595
1.664000	 1.872159
1.668000	 1.879746
1.672000	 1.887356
1.676000	 1.894989
1.680000	 1.902645
1.684000	 1.910324
1.688000	 1.918026
1.692000	 1.925751
1.696000	 1.933499
1.700000	 1.941271
1.704000	 1.949066
1.708000	 1.956884
1.712000	 1.964726
1.716000	 1.972591
1.720000	 1.980479
1.724000	 1.988391
1.728000	 1.996326
1.732000	 2.004284
1.736000	 2.012266
1.740000	 2.020272
1.744000	 2.028302
1.748000	 2.036354
1.752000	 2.044431
1.756000	 2.052531
1.760000	 2.060655
1.764000	 2.068803
1.768000	 2.076975
1.772000	 2.085170
1.776000	 2.093389
1.780000	 2.101633
1.784000	 2.109900
1.788000	 2.118191
1.792000	 2.126506
1.796000	 2.134845
1.800000	 2.143208
1.804000	 2.151595
1.808000	 2.160006
1.812000	 2.168442
1.816000	 2.176901
1.820000	 2.185385
1.824000	 2.193893
1.828000	 2.202425
1.832000	 2.210982
1.836000	 2.219563
1.840000	 2.228168
1.844000	 2.236798
1.848000	 2.245452
1.852000	 2.254131
1.856000	 2.262834
1.860000	 2.271562
1.864000	 2.280314
1.868000	 2.289090
1.872000	 2.297892
1.876000	 2.306718
1.880000	 2.315568
1.884000	 2.324444
1.888000	 2.333344
1.892000	 2.342269
1.896000	 2.351218
1.900000	 2.360193
1.904000	 2.369192
1.908000	 2.378216
1.912000	 2.387265
1.916000	 2.396339
1.920000	 2.405438
1.924000	 2.414561
1.928000	 2.423710
1.932000	 2.432884
1.936000	 2.442083
1.940000	 2.451307
1.944000	 2.460556
1.948000	 2.469831
1.952000	 2.479130
1.956000	 2.488455
1.960000	 2.497805
1.964000	 2.507180
1.968000	 2.516581
1.972000	 2.526006
1.976000	 2.535457
1.980000	 2.544934
1.984000	 2.554436
1.988000	 2.563963
1.992000	 2.573516
1.996000	 2.583094
